4.500,30,135,41
B0,mixamorig_Hips,-1,0.9961678981781006,-0.021862825378775597,0.08468359708786011,0,0.029339881613850594,0.9956802725791931,-0.08808401226997375,0,-0.08239160478115082,0.09023140370845795,0.9925069212913513,0,0.01882956363260746,1.4366647005081177,0.010685108602046967,1
B1,mixamorig_Spine,0,0.9999610185623169,0.008564809337258339,0.0019952186848968267,0,-0.008514812216162682,0.99968022108078,-0.02379729226231575,0,-0.002198087750002742,0.023779291659593582,0.9997151494026184,0,0,0.2012999951839447,-0.004100000020116568,1
B2,mixamorig_Spine1,1,0.9998620748519897,0.016060948371887207,0.004352145362645388,0,-0.0161130391061306,0.9997958540916443,0.012186341919004917,0,-0.004156042356044054,-0.012255357578396797,0.9999158382415771,0,0,0.23489999771118164,0,1
B3,mixamorig_Spine2,2,0.9998610615730286,0.016172898933291435,0.004064213018864393,0,-0.01622198522090912,0.9997938871383667,0.012196349911391735,0,-0.0038661102298647165,-0.01226136740297079,0.9999167919158936,0,0,0.26840001344680786,0,1
B4,mixamorig_Neck,3,0.9990503191947937,-0.042822614312171936,-0.00800376757979393,0,0.03857801482081413,0.954996645450592,-0.2940962314605713,0,0.020237475633621216,0.29350748658180237,0.9557422995567322,0,0,0.3019999861717224,0,1
B5,mixamorig_Head,4,0.9968181848526001,0.0720883384346962,-0.034007005393505096,0,-0.07304894924163818,0.9969375133514404,-0.027896519750356674,0,0.03189154341816902,0.030291937291622162,0.9990317821502686,0,0,0.1890999972820282,-0.0010000000474974513,1
B6,mixamorig_HeadTop_End,5,1,0,0,0,0,1,0,0,0,0,1,0,0,1.0872000455856323,-0.005900000222027302,1
B7,mixamorig_LeftShoulder,3,0.18454177677631378,-0.11724776774644852,-0.9758010506629944,0,0.9827993512153625,0.027949238196015358,0.18250404298305511,0,0.0058713145554065704,-0.9927040934562683,0.12039805948734283,0,0.1062999963760376,0.2597000002861023,-0.001500000013038516,1
B8,mixamorig_LeftArm,7,0.7812080383300781,0.4647640287876129,0.4167812764644623,0,-0.20538963377475739,0.821806788444519,-0.5314258933067322,0,-0.5894991755485535,0.3295551538467407,0.7374622821807861,0,0,0.22949999570846558,0,1
B9,mixamorig_LeftForeArm,8,0.8110580444335938,0.5849272012710571,0.006422186736017466,0,-0.5849311947822571,0.8108519911766052,0.019276557490229607,0,0.006068191956728697,-0.019390566274523735,0.9997939467430115,0,0,0.5087000131607056,0,1
B10,mixamorig_LeftHand,9,0.98403000831604,-0.05009499937295914,0.17080800235271454,0,0.06428500264883041,0.9948329925537109,-0.07858200371265411,0,-0.1659889966249466,0.08830799907445908,0.9821659922599792,0,0,0.5188999772071838,0,1
B11,mixamorig_LeftHandThumb1,10,0.720704972743988,0.6931089758872986,0.01358299981802702,0,-0.6612269878387451,0.6814039945602417,0.3137960135936737,0,0.20823900401592255,-0.2351360023021698,0.9493929743766785,0,-0.08879999816417694,0.05869999900460243,0,1
B12,mixamorig_LeftHandThumb2,11,0.8625900149345398,-0.5009229779243469,0.07081399857997894,0,0.4747050106525421,0.8498219847679138,0.22903800010681152,0,-0.17490899562835693,-0.16395099461078644,0.9708380103111267,0,-0.008700000122189522,0.08470000326633453,0,1
B13,mixamorig_LeftHandThumb3,12,0.8700079917907715,-0.48353898525238037,-0.09631100296974182,0,0.4298759996891022,0.8396000266075134,-0.33208298683166504,0,0.24143800139427185,0.24751299619674683,0.938319981098175,0,0.010599999688565731,0.094200000166893,0,1
B14,mixamorig_LeftHandThumb4,13,1,0,0,0,0,1,0,0,0,0,1,0,-0.0019000000320374966,0.07199999690055847,0,1
B15,mixamorig_LeftHandIndex1,10,0.9875119924545288,0.13047799468040466,0.08829300105571747,0,-0.15409600734710693,0.6833540201187134,0.7136399745941162,0,0.03277900069952011,-0.7183340191841125,0.6949260234832764,0,0,0.11349999904632568,0.001500000013038516,1
B16,mixamorig_LeftHandIndex2,15,0.9881389737129211,0.11309699714183807,0.10387600213289261,0,-0.10903400182723999,0.04039999842643738,0.9932169914245605,0,0.10813300311565399,-0.99276202917099,0.05225300043821335,0,0.003599999938160181,0.1451999992132187,0,1
B17,mixamorig_LeftHandIndex3,16,0.9889829754829407,0.13961400091648102,0.049194999039173126,0,-0.12661099433898926,0.6256340146064758,0.7697740197181702,0,0.07669299840927124,-0.7675219774246216,0.6364179849624634,0,-0.003599999938160181,0.1200999990105629,0,1
B18,mixamorig_LeftHandIndex4,17,1,0,0,0,0,1,0,0,0,0,1,0,0,0.09529999643564224,0,1
B19,mixamorig_RightShoulder,3,0.17491696774959564,0.27481088042259216,0.9454512000083923,0,-0.9836735725402832,0.08984700590372086,0.1558716744184494,0,-0.042109109461307526,-0.9572830200195312,0.286048024892807,0,-0.1062999963760376,0.2597000002861023,-0.00019999999494757503,1
B20,mixamorig_RightArm,19,0.7599923610687256,-0.5419367551803589,-0.35874998569488525,0,0.2952142059803009,0.7796236872673035,-0.552291750907898,0,0.5789969563484192,0.31383389234542847,0.7524951100349426,0,0,0.22949999570846558,0,1
B21,mixamorig_RightForeArm,20,0.8646267056465149,-0.5023971199989319,-0.004103838931769133,0,0.5024081468582153,0.8645487427711487,0.01189371943473816,0,-0.002427833154797554,-0.01234470959752798,0.9999210238456726,0,0,0.5084999799728394,0,1
B22,mixamorig_RightHand,21,0.9831527471542358,-0.12102395296096802,-0.1369781345129013,0,0.13971789181232452,0.9807677268981934,0.13628360629081726,0,0.11784964799880981,-0.15312571823596954,0.9811536073684692,0,0,0.5192000269889832,0,1
B23,mixamorig_RightHandThumb1,22,0.7348399758338928,-0.6762199997901917,-0.052313998341560364,0,0.6467499732971191,0.6754050254821777,0.3543199896812439,0,-0.20426499843597412,-0.2942019999027252,0.9336599707603455,0,0.06849999725818634,0.0714000016450882,0,1
B24,mixamorig_RightHandThumb2,23,0.714713990688324,0.6970139741897583,-0.057920001447200775,0,-0.6767209768295288,0.7100710272789001,0.19454500079154968,0,0.1767279952764511,-0.09984800219535828,0.9791820049285889,0,0.01080000028014183,0.07840000092983246,0,1
B25,mixamorig_RightHandThumb3,24,0.9868980050086975,0.038763999938964844,0.15661700069904327,0,0.011683999560773373,0.9509890079498291,-0.309004008769989,0,-0.16091899573802948,0.306784987449646,0.9380769729614258,0,0.012000000104308128,0.09640000015497208,0,1
B26,mixamorig_RightHandThumb4,25,1,0,0,0,0,1,0,0,0,0,1,0,-0.02280000038444996,0.07509999722242355,0,1
B27,mixamorig_RightHandIndex1,22,0.9918850064277649,-0.10737799853086472,-0.06807199865579605,0,0.12357400357723236,0.6883800029754639,0.7147470116615295,0,-0.029888000339269638,-0.7173590064048767,0.6960629820823669,0,0,0.10660000145435333,0.002199999988079071,1
B28,mixamorig_RightHandIndex2,27,0.9936280250549316,-0.08504500240087509,-0.07396800071001053,0,0.07746700197458267,0.03860199823975563,0.9962469935417175,0,-0.08187100291252136,-0.9956290125846863,0.044943999499082565,0,-0.0032999999821186066,0.15389999747276306,0,1
B29,mixamorig_RightHandIndex3,28,0.9917029738426208,-0.1218079999089241,-0.04107699915766716,0,0.10883300006389618,0.6255319714546204,0.772570013999939,0,-0.0684100016951561,-0.7706310153007507,0.6335989832878113,0,0.0038999998942017555,0.12309999763965607,0,1
B30,mixamorig_RightHandIndex4,29,1,0,0,0,0,1,0,0,0,0,1,0,-0.0005000000237487257,0.09200000017881393,0,1
B31,mixamorig_LeftUpLeg,0,-0.9310427904129028,-0.2428593933582306,0.2723553776741028,0,0.2527434527873993,-0.9675322771072388,0.0012498596915975213,0,0.26321014761924744,0.06999975442886353,0.9621954560279846,0,0.18569999933242798,-0.11169999837875366,-0.002099999925121665,1
B32,mixamorig_LeftLeg,31,0.9872797131538391,0.03613812103867531,0.15483379364013672,0,0.04858722165226936,0.8586673140525818,-0.5102235078811646,0,-0.15138961374759674,0.5112560391426086,0.8459879755973816,0,0,0.6093000173568726,0,1
B33,mixamorig_LeftFoot,32,0.9722545146942139,-0.16450919210910797,0.16630642116069794,0,-0.1032322570681572,0.3362261950969696,0.936106264591217,0,-0.20991429686546326,-0.9273015260696411,0.30991509556770325,0,0,0.5572999715805054,0,1
B34,mixamorig_LeftToeBase,33,0.9998340010643005,0,0.01822500117123127,0,-0.011048000305891037,0.7953119874000549,0.606099009513855,0,-0.01449500024318695,-0.6061999797821045,0.7951800227165222,0,0,0.353300005197525,0,1
B35,mixamorig_LeftToe_End,34,1,0,0,0,0,1,0,0,0,0,1,0,0,0.13570000231266022,0,1
B36,mixamorig_RightUpLeg,0,-0.9620531797409058,0.17904996871948242,-0.20589783787727356,0,-0.19318950176239014,-0.9798572063446045,0.050583526492118835,0,-0.19269351661205292,0.08844129741191864,0.9772647023200989,0,-0.18569999933242798,-0.11169999837875366,0.0010000000474974513,1
B37,mixamorig_RightLeg,36,0.9974948167800903,-0.04141731187701225,-0.057349491864442825,0,0.008992072194814682,0.878345787525177,-0.4779377579689026,0,0.07016724348068237,0.47622427344322205,0.8765175938606262,0,0,0.6093999743461609,0,1
B38,mixamorig_RightFoot,37,0.9740784764289856,0.15505513548851013,-0.16470685601234436,0,0.0952492505311966,0.379286527633667,0.9203634262084961,0,0.20517860352993011,-0.9121937155723572,0.35468587279319763,0,0,0.5582000017166138,0,1
B39,mixamorig_RightToeBase,38,0.9997259974479675,-2.3000112925330995e-9,-0.02340598776936531,0,0.014110993593931198,0.7978370785713196,0.6027079224586487,0,0.01867498829960823,-0.6028729677200317,0.79761803150177,0,0,0.35519999265670776,0,1
B40,mixamorig_RightToe_End,39,1,0,0,0,0,1,0,0,0,0,1,0,0,0.13570000231266022,0,1
@34,0,1,2,3,4,5,7,8,9,10,11,12,13,15,16,17,19,20,21,22,23,24,25,27,28,29,31,32,33,34,36,37,38,39
K0.000,0.9990599751472473,-0.016496999189257622,0.04007500037550926,0,0.01913299970328808,0.9976149797439575,-0.06631600111722946,0,-0.03888599947094917,0.0670199990272522,0.9969940185546875,0,0.0013460000045597553,1.445227026939392,-0.007650999817997217,1,0.9999529719352722,0.009651999920606613,-0.001243000035174191,0,-0.009662000462412834,0.9999229907989502,-0.007772000040858984,0,0.0011680000461637974,0.0077840001322329044,0.9999690055847168,0,0,0.2012999951839447,-0.004100000020116568,1,0.9998549818992615,0.016951000317931175,-0.0015160000184550881,0,-0.016909999772906303,0.9995650053024292,0.024156000465154648,0,0.0019249999895691872,-0.024126999080181122,0.9997069835662842,0,0,0.23489999771118164,0,1,0.9998549818992615,0.016951000317931175,-0.001462999964132905,0,-0.01691100001335144,0.9995650053024292,0.024157999083399773,0,0.0018710000440478325,-0.024129999801516533,0.9997069835662842,0,0,0.26840001344680786,0,1,0.9998390078544617,-0.016242999583482742,-0.0076489998027682304,0,0.017362000420689583,0.9832050204277039,0.18167899549007416,0,0.004569999873638153,-0.18178300559520721,0.9833279848098755,0,0,0.3019999861717224,0,1,0.9998599886894226,0.009939000010490417,-0.0134699996560812,0,-0.013135000132024288,0.9646430015563965,-0.2632310092449188,0,0.010377000086009502,0.26337099075317383,0.9646390080451965,0,0,0.1890999972820282,-0.0010000000474974513,1,-0.10709600150585175,0.012058000080287457,-0.9941759705543518,0,0.8569329977035522,-0.5059390068054199,-0.0984480008482933,0,-0.5041790008544922,-0.8624849915504456,0.04385099932551384,0,0.1062999963760376,0.2597000002861023,-0.001500000013038516,1,0.7136009931564331,0.5969730019569397,-0.36660099029541016,0,-0.22816799581050873,0.6928240060806274,0.6840569972991943,0,0.6623539924621582,-0.4044969975948334,0.6306099891662598,0,0,0.22949999570846558,0,1,0.9418100118637085,0.3361380100250244,0.002114000031724572,0,-0.3361400067806244,0.9417470097541809,0.011076999828219414,0,0.0017330000409856439,-0.011142999865114689,0.9999359846115112,0,0,0.5087000131607056,0,1,0.98403000831604,-0.05009499937295914,0.17080800235271454,0,0.06428500264883041,0.9948329925537109,-0.07858200371265411,0,-0.1659889966249466,0.08830700069665909,0.9821659922599792,0,0,0.5188999772071838,0,1,0.7207040190696716,0.6931089758872986,0.01358299981802702,0,-0.6612269878387451,0.6814039945602417,0.3137950003147125,0,0.20823900401592255,-0.2351350039243698,0.9493929743766785,0,-0.08879999816417694,0.05869999900460243,0,1,0.8625900149345398,-0.5009229779243469,0.07081399857997894,0,0.4747050106525421,0.8498219847679138,0.22903800010681152,0,-0.17490999400615692,-0.16394999623298645,0.9708380103111267,0,-0.008700000122189522,0.08470000326633453,0,1,0.8700079917907715,-0.48353898525238037,-0.09631100296974182,0,0.4298759996891022,0.8396000266075134,-0.33208200335502625,0,0.24143800139427185,0.24751299619674683,0.9383209943771362,0,0.010599999688565731,0.094200000166893,0,1,0.9875119924545288,0.13047799468040466,0.08829300105571747,0,-0.15409600734710693,0.6833540201187134,0.7136399745941162,0,0.03277900069952011,-0.7183330059051514,0.6949260234832764,0,0,0.11349999904632568,0.001500000013038516,1,0.9881389737129211,0.11309699714183807,0.10387600213289261,0,-0.10903400182723999,0.04039999842643738,0.9932169914245605,0,0.10813400149345398,-0.99276202917099,0.05225300043821335,0,0.003599999938160181,0.1451999992132187,0,1,0.9889829754829407,0.13961400091648102,0.049194999039173126,0,-0.12661099433898926,0.6256340146064758,0.7697740197181702,0,0.07669299840927124,-0.7675219774246216,0.6364179849624634,0,-0.003599999938160181,0.1200999990105629,0,1,-0.07714799791574478,-0.010327000170946121,0.9969660043716431,0,-0.8598520159721375,-0.5054720044136047,-0.071773000061512,0,0.5046799778938293,-0.8627809882164001,0.030115999281406403,0,-0.1062999963760376,0.2597000002861023,-0.00019999999494757503,1,0.8982700109481812,-0.4132179915904999,0.14953799545764923,0,0.22557200491428375,0.725612998008728,0.6500800251960754,0,-0.37713098526000977,-0.550216019153595,0.7450069785118103,0,0,0.22949999570846558,0,1,0.9559990167617798,-0.2933639883995056,-0.0019409999949857593,0,0.2933709919452667,0.9559730291366577,0.006943999789655209,0,-0.00018200000340584666,-0.007207999937236309,0.9999740123748779,0,0,0.5084999799728394,0,1,0.9744700193405151,-0.07010199874639511,0.2132910043001175,0,0.06339900195598602,0.9972599744796753,0.038116998970508575,0,-0.215378999710083,-0.023621000349521637,0.9762449860572815,0,0,0.5192000269889832,0,1,0.7348399758338928,-0.6762199997901917,-0.052313998341560364,0,0.6467509865760803,0.6754040122032166,0.3543199896812439,0,-0.20426499843597412,-0.2942019999027252,0.9336599707603455,0,0.06849999725818634,0.0714000016450882,0,1,0.714713990688324,0.6970149874687195,-0.057920001447200775,0,-0.6767209768295288,0.7100710272789001,0.19454500079154968,0,0.1767279952764511,-0.09984800219535828,0.9791820049285889,0,0.01080000028014183,0.07840000092983246,0,1,0.9868980050086975,0.038763999938964844,0.15661700069904327,0,0.011683999560773373,0.9509890079498291,-0.309004008769989,0,-0.16091899573802948,0.306784987449646,0.9380769729614258,0,0.012000000104308128,0.09640000015497208,0,1,0.9918850064277649,-0.10737799853086472,-0.06807199865579605,0,0.12357400357723236,0.6883789896965027,0.7147470116615295,0,-0.029889000579714775,-0.7173590064048767,0.6960629820823669,0,0,0.10660000145435333,0.002199999988079071,1,0.9936280250549316,-0.08504500240087509,-0.07396800071001053,0,0.07746700197458267,0.03860199823975563,0.9962469935417175,0,-0.08187100291252136,-0.9956290125846863,0.044943999499082565,0,-0.0032999999821186066,0.15389999747276306,0,1,0.9917029738426208,-0.1218079999089241,-0.04107699915766716,0,0.10883300006389618,0.6255319714546204,0.772570013999939,0,-0.0684100016951561,-0.7706310153007507,0.6335989832878113,0,0.0038999998942017555,0.12309999763965607,0,1,-0.9413710236549377,-0.2175929993391037,0.25782400369644165,0,0.23532100021839142,-0.9711089730262756,0.03962999954819679,0,0.2417519986629486,0.09797800332307816,0.965378999710083,0,0.18569999933242798,-0.11169999837875366,-0.002099999925121665,1,0.989333987236023,0.06235700100660324,0.13164299726486206,0,0.005936000030487776,0.8857300281524658,-0.46416300535202026,0,-0.14554400742053986,0.45999398827552795,0.8759120106697083,0,0,0.6093000173568726,0,1,0.9716799855232239,-0.16794799268245697,0.1662289947271347,0,-0.08872800320386887,0.3926759958267212,0.915386974811554,0,-0.21901200711727142,-0.9042119979858398,0.3666529953479767,0,0,0.5572999715805054,0,1,0.9998340010643005,-0.0000019999999949504854,0.018232999369502068,0,-0.01105200033634901,0.7952899932861328,0.6061279773712158,0,-0.014500999823212624,-0.6062290072441101,0.7951580286026001,0,0,0.353300005197525,0,1,-0.9535490274429321,0.18045000731945038,-0.2412090003490448,0,-0.20011700689792633,-0.9779649972915649,0.059484001249074936,0,-0.22516000270843506,0.10499099642038345,0.9686480164527893,0,-0.18569999933242798,-0.11169999837875366,0.0010000000474974513,1,0.99617600440979,-0.01286999974399805,-0.08641599863767624,0,-0.028113000094890594,0.8892710208892822,-0.45651599764823914,0,0.08272299915552139,0.45719999074935913,0.8855080008506775,0,0,0.6093999743461609,0,1,0.9783409833908081,0.11821199953556061,-0.16992899775505066,0,0.11142099648714066,0.39111700654029846,0.9135720133781433,0,0.17445699870586395,-0.9127179980278015,0.36947399377822876,0,0,0.5582000017166138,0,1,0.9997259974479675,0,-0.023406000807881355,0,0.01411100011318922,0.7978370189666748,0.6027079820632935,0,0.018674999475479126,-0.6028730273246765,0.7976179718971252,0,0,0.35519999265670776,0,1
K0.033,0.9990620017051697,-0.015565992332994938,0.04041900858283043,0,0.018234992399811745,0.9976180195808411,-0.06651999801397324,0,-0.039288006722927094,0.06719499826431274,0.9969660043716431,0,0.0013340002624318004,1.445093035697937,-0.008841014467179775,1,0.9999549984931946,0.009434998966753483,-0.001253001973964274,0,-0.00944299902766943,0.9999359846115112,-0.006211999338120222,0,0.0011950019979849458,0.0062239994294941425,0.9999799728393555,0,0,0.2012999951839447,-0.004100000020116568,1,0.9998610019683838,0.016586996614933014,-0.001544003956951201,0,-0.016540996730327606,0.9995279908180237,0.025899013504385948,0,0.0019730040803551674,-0.025870012119412422,0.9996629953384399,0,0,0.23489999771118164,0,1,0.9998610019683838,0.016586996614933014,-0.0014900041278451681,0,-0.01654299534857273,0.9995279908180237,0.025901012122631073,0,0.0019190041348338127,-0.025873012840747833,0.9996629953384399,0,0,0.26840001344680786,0,1,0.9998409748077393,-0.016218988224864006,-0.007407994009554386,0,0.017293987795710564,0.9832680225372314,0.18134401738643646,0,0.004342995584011078,-0.1814430207014084,0.9833920001983643,0,0,0.3019999861717224,0,1,0.9998599886894226,0.011150971055030823,-0.012470990419387817,0,-0.014051970094442368,0.9643059968948364,-0.26441702246665955,0,0.009077997878193855,0.26455503702163696,0.9643279910087585,0,0,0.1890999972820282,-0.0010000000474974513,1,-0.10672000050544739,0.012414999306201935,-0.9942119717597961,0,0.856552004814148,-0.5066180229187012,-0.0982699990272522,0,-0.5049049854278564,-0.862080991268158,0.04343299940228462,0,0.1062999963760376,0.2597000002861023,-0.001500000013038516,1,0.7016838192939758,0.6193572282791138,-0.35218989849090576,0,-0.2484332174062729,0.6759707927703857,0.693790078163147,0,0.6677731275558472,-0.39932486414909363,0.6281859278678894,0,0,0.22949999570846558,0,1,0.9558231234550476,0.2939375638961792,0.0016519956989213824,0,-0.2939395606517792,0.9557751417160034,0.009686985053122044,0,0.0012689956929534674,-0.009743984788656235,0.9999520182609558,0,0,0.5087000131607056,0,1,0.98403000831604,-0.05009499937295914,0.17080800235271454,0,0.06428500264883041,0.9948329925537109,-0.07858200371265411,0,-0.1659889966249466,0.08830799907445908,0.9821659922599792,0,0,0.5188999772071838,0,1,0.720704972743988,0.6931089758872986,0.01358299981802702,0,-0.6612269878387451,0.6814039945602417,0.3137950003147125,0,0.20823900401592255,-0.2351350039243698,0.9493939876556396,0,-0.08879999816417694,0.05869999900460243,0,1,0.8625900149345398,-0.5009220242500305,0.07081399857997894,0,0.4747050106525421,0.8498219847679138,0.22903800010681152,0,-0.17490999400615692,-0.16394999623298645,0.9708380103111267,0,-0.008700000122189522,0.08470000326633453,0,1,0.8700079917907715,-0.48353898525238037,-0.09631100296974182,0,0.4298759996891022,0.8396000266075134,-0.33208298683166504,0,0.24143800139427185,0.24751299619674683,0.938319981098175,0,0.010599999688565731,0.094200000166893,0,1,0.9875119924545288,0.13047799468040466,0.08829300105571747,0,-0.15409700572490692,0.6833540201187134,0.7136399745941162,0,0.03277900069952011,-0.7183340191841125,0.6949260234832764,0,0,0.11349999904632568,0.001500000013038516,1,0.9881389737129211,0.11309699714183807,0.10387600213289261,0,-0.10903400182723999,0.04039999842643738,0.9932169914245605,0,0.10813300311565399,-0.99276202917099,0.05225300043821335,0,0.003599999938160181,0.1451999992132187,0,1,0.9889829754829407,0.13961400091648102,0.049194999039173126,0,-0.12661099433898926,0.6256340146064758,0.7697740197181702,0,0.07669299840927124,-0.7675219774246216,0.6364179849624634,0,-0.003599999938160181,0.1200999990105629,0,1,-0.07799099385738373,-0.010966995730996132,0.9968940019607544,0,-0.860614001750946,-0.5040169954299927,-0.07287399470806122,0,0.5032510161399841,-0.8636239767074585,0.02987099625170231,0,-0.1062999963760376,0.2597000002861023,-0.00019999999494757503,1,0.89717698097229,-0.41122496128082275,0.16114714741706848,0,0.21704286336898804,0.7282540202140808,0.6500300168991089,0,-0.3846640884876251,-0.5482159852981567,0.7426249384880066,0,0,0.22949999570846558,0,1,0.9546679258346558,-0.29766613245010376,-0.0019720010459423065,0,0.2976731061935425,0.9546419382095337,0.007047002669423819,0,-0.00021500092407222837,-0.0073150028474628925,0.9999729990959167,0,0,0.5084999799728394,0,1,0.9742940068244934,-0.07042589038610458,0.21398793160915375,0,0.0639088898897171,0.9972609877586365,0.03723401203751564,0,-0.21602392196655273,-0.022601038217544556,0.9761260151863098,0,0,0.5192000269889832,0,1,0.7348399758338928,-0.6762199997901917,-0.052313998341560364,0,0.6467499732971191,0.6754050254821777,0.3543199896812439,0,-0.20426499843597412,-0.2942019999027252,0.9336599707603455,0,0.06849999725818634,0.0714000016450882,0,1,0.714713990688324,0.6970149874687195,-0.057920001447200775,0,-0.6767209768295288,0.7100710272789001,0.19454500079154968,0,0.1767279952764511,-0.09984800219535828,0.9791820049285889,0,0.01080000028014183,0.07840000092983246,0,1,0.9868980050086975,0.038763999938964844,0.15661700069904327,0,0.011683999560773373,0.9509890079498291,-0.309004008769989,0,-0.16091899573802948,0.306784987449646,0.9380769729614258,0,0.012000000104308128,0.09640000015497208,0,1,0.9918850064277649,-0.10737799853086472,-0.06807199865579605,0,0.12357400357723236,0.6883789896965027,0.7147470116615295,0,-0.029889000579714775,-0.7173590064048767,0.6960620284080505,0,0,0.10660000145435333,0.002199999988079071,1,0.9936280250549316,-0.08504500240087509,-0.07396800071001053,0,0.07746700197458267,0.03860199823975563,0.9962469935417175,0,-0.08187100291252136,-0.9956290125846863,0.044943999499082565,0,-0.0032999999821186066,0.15389999747276306,0,1,0.9917029738426208,-0.12180700153112411,-0.04107699915766716,0,0.10883200168609619,0.6255319714546204,0.772570013999939,0,-0.0684100016951561,-0.7706310153007507,0.6335989832878113,0,0.0038999998942017555,0.12309999763965607,0,1,-0.9417539834976196,-0.2164199948310852,0.25741299986839294,0,0.23434099555015564,-0.9713010191917419,0.04072601720690727,0,0.24121101200580597,0.09867702424526215,0.9654430150985718,0,0.18569999933242798,-0.11169999837875366,-0.002099999925121665,1,0.9891499876976013,0.06287198513746262,0.13277800381183624,0,0.006122018676251173,0.8853750228881836,-0.46483704447746277,0,-0.1467829942703247,0.46060702204704285,0.8753830194473267,0,0,0.6093000173568726,0,1,0.9717079997062683,-0.16766998171806335,0.1663459986448288,0,-0.08882200717926025,0.39317798614501953,0.9151620268821716,0,-0.21884898841381073,-0.9040449857711792,0.36716198921203613,0,0,0.5572999715805054,0,1,0.9998340010643005,0,0.018225999549031258,0,-0.011048000305891037,0.7953119874000549,0.606099009513855,0,-0.01449500024318695,-0.6061999797821045,0.7951800227165222,0,0,0.353300005197525,0,1,-0.9537400007247925,0.18035998940467834,-0.24052096903324127,0,-0.20054498314857483,-0.9777169823646545,0.062062039971351624,0,-0.22396795451641083,0.10742603242397308,0.9686579704284668,0,-0.18569999933242798,-0.11169999837875366,0.0010000000474974513,1,0.9961680173873901,-0.01483805850148201,-0.08619099855422974,0,-0.026506951078772545,0.8879269957542419,-0.4592210352420807,0,0.08334503322839737,0.45974603295326233,0.8841310143470764,0,0,0.6093999743461609,0,1,0.9782660007476807,0.11906302720308304,-0.1697620004415512,0,0.11101598292589188,0.39073801040649414,0.9137830138206482,0,0.17513002455234528,-0.9127690196037292,0.3690280020236969,0,0,0.5582000017166138,0,1,0.9997259974479675,0,-0.023406000807881355,0,0.01411100011318922,0.7978370189666748,0.6027079820632935,0,0.01867399923503399,-0.6028730273246765,0.7976189851760864,0,0,0.35519999265670776,0,1
K0.067,0.9990469813346863,-0.014799007214605808,0.04106999188661575,0,0.017513006925582886,0.9976310133934021,-0.06652099639177322,0,-0.039987992495298386,0.06717699766159058,0.9969390034675598,0,0.0013589997543022037,1.444762945175171,-0.01030198484659195,1,0.9999549984931946,0.009374001063406467,-0.0014519980177283287,0,-0.009383001364767551,0.9999369978904724,-0.006153000518679619,0,0.001394998049363494,0.006167000625282526,0.9999799728393555,0,0,0.2012999951839447,-0.004100000020116568,1,0.9998660087585449,0.016284003853797913,-0.0019439960597082973,0,-0.01622600294649601,0.9994980096817017,0.027210986241698265,0,0.0023869958240538836,-0.027175987139344215,0.9996280074119568,0,0,0.23489999771118164,0,1,0.9998660087585449,0.016286004334688187,-0.001900995965115726,0,-0.016228003427386284,0.9994980096817017,0.027213986963033676,0,0.002342995721846819,-0.027179986238479614,0.9996280074119568,0,0,0.26840001344680786,0,1,0.9998639822006226,-0.015035011805593967,-0.006792006082832813,0,0.016027012839913368,0.9828760027885437,0.1835719794034958,0,0.003915003966540098,-0.1836559921503067,0.9829829931259155,0,0,0.3019999861717224,0,1,0.9998990297317505,0.008287028409540653,-0.011559009552001953,0,-0.011085029691457748,0.963267982006073,-0.2683129608631134,0,0.00891100149601698,0.2684139609336853,0.9632629752159119,0,0,0.1890999972820282,-0.0010000000474974513,1,-0.10664699971675873,0.01231200061738491,-0.9942209720611572,0,0.8561509847640991,-0.5073239803314209,-0.09811899811029434,0,-0.5055999755859375,-0.8616669774055481,0.043563999235630035,0,0.1062999963760376,0.2597000002861023,-0.001500000013038516,1,0.6817631721496582,0.6455617547035217,-0.3441650867462158,0,-0.2704477906227112,0.659520149230957,0.7013489603996277,0,0.6797478795051575,-0.3850751519203186,0.6242270469665527,0,0,0.22949999570846558,0,1,0.968782901763916,0.24790945649147034,0.001225004205480218,0,-0.24791045486927032,0.9687488675117493,0.008170015178620815,0,0.0008390042348764837,-0.00821901485323906,0.999966025352478,0,0,0.5087000131607056,0,1,0.98403000831604,-0.05009499937295914,0.17080800235271454,0,0.06428500264883041,0.9948329925537109,-0.07858200371265411,0,-0.1659889966249466,0.08830700069665909,0.9821659922599792,0,0,0.5188999772071838,0,1,0.7207040190696716,0.6931089758872986,0.01358299981802702,0,-0.6612269878387451,0.6814029812812805,0.3137950003147125,0,0.20823900401592255,-0.2351350039243698,0.9493929743766785,0,-0.08879999816417694,0.05869999900460243,0,1,0.8625900149345398,-0.5009229779243469,0.07081399857997894,0,0.4747050106525421,0.8498219847679138,0.22903800010681152,0,-0.17490899562835693,-0.16394999623298645,0.9708380103111267,0,-0.008700000122189522,0.08470000326633453,0,1,0.8700079917907715,-0.48353898525238037,-0.09631100296974182,0,0.4298759996891022,0.8396000266075134,-0.33208298683166504,0,0.24143800139427185,0.24751299619674683,0.938319981098175,0,0.010599999688565731,0.094200000166893,0,1,0.9875119924545288,0.13047799468040466,0.08829300105571747,0,-0.15409700572490692,0.6833540201187134,0.7136399745941162,0,0.03277900069952011,-0.7183340191841125,0.6949260234832764,0,0,0.11349999904632568,0.001500000013038516,1,0.9881389737129211,0.11309699714183807,0.10387600213289261,0,-0.10903400182723999,0.040401000529527664,0.9932169914245605,0,0.10813300311565399,-0.99276202917099,0.05225300043821335,0,0.003599999938160181,0.1451999992132187,0,1,0.9889829754829407,0.13961400091648102,0.049194999039173126,0,-0.12661099433898926,0.6256340146064758,0.7697740197181702,0,0.07669299840927124,-0.7675219774246216,0.6364179849624634,0,-0.003599999938160181,0.1200999990105629,0,1,-0.07713300734758377,-0.010541005060076714,0.9969649910926819,0,-0.8623200058937073,-0.5012159943580627,-0.07201600819826126,0,0.5004540085792542,-0.865257978439331,0.02957000397145748,0,-0.1062999963760376,0.2597000002861023,-0.00019999999494757503,1,0.8959360122680664,-0.4077330231666565,0.17621585726737976,0,0.20412513613700867,0.7302899956703186,0.6519280076026917,0,-0.3945019245147705,-0.5481150150299072,0.7375220656394958,0,0,0.22949999570846558,0,1,0.9508570432662964,-0.3096228837966919,-0.0020619991701096296,0,0.3096288740634918,0.9508290886878967,0.007329997140914202,0,-0.00030799905653111637,-0.007607997395098209,0.9999709725379944,0,0,0.5084999799728394,0,1,0.9766079783439636,-0.05944210663437843,0.20664706826210022,0,0.05263611301779747,0.9978799819946289,0.0382859893143177,0,-0.20848406851291656,-0.026512959972023964,0.9776660203933716,0,0,0.5192000269889832,0,1,0.7348399758338928,-0.6762199997901917,-0.052313998341560364,0,0.6467499732971191,0.6754040122032166,0.3543199896812439,0,-0.20426499843597412,-0.2942019999027252,0.9336599707603455,0,0.06849999725818634,0.0714000016450882,0,1,0.714713990688324,0.6970149874687195,-0.057920001447200775,0,-0.6767209768295288,0.7100710272789001,0.19454500079154968,0,0.1767279952764511,-0.09984800219535828,0.9791820049285889,0,0.01080000028014183,0.07840000092983246,0,1,0.9868980050086975,0.038763999938964844,0.15661700069904327,0,0.011683999560773373,0.9509890079498291,-0.309004008769989,0,-0.16091999411582947,0.3067860007286072,0.9380760192871094,0,0.012000000104308128,0.09640000015497208,0,1,0.9918850064277649,-0.10737799853086472,-0.06807299703359604,0,0.12357400357723236,0.6883789896965027,0.7147470116615295,0,-0.029888000339269638,-0.7173590064048767,0.6960620284080505,0,0,0.10660000145435333,0.002199999988079071,1,0.9936280250549316,-0.08504500240087509,-0.07396800071001053,0,0.07746700197458267,0.03860199823975563,0.9962469935417175,0,-0.08186999708414078,-0.9956290125846863,0.04494500160217285,0,-0.0032999999821186066,0.15389999747276306,0,1,0.9917029738426208,-0.1218079999089241,-0.04107699915766716,0,0.10883200168609619,0.6255319714546204,0.772570013999939,0,-0.0684100016951561,-0.7706310153007507,0.6335989832878113,0,0.0038999998942017555,0.12309999763965607,0,1,-0.9414430260658264,-0.21627800166606903,0.2586669921875,0,0.23481999337673187,-0.9711009860038757,0.04268598183989525,0,0.24196000397205353,0.10092698037624359,0.9650229811668396,0,0.18569999933242798,-0.11169999837875366,-0.002099999925121665,1,0.9891819953918457,0.06144901365041733,0.13320399820804596,0,0.00798198115080595,0.8841440081596375,-0.46714696288108826,0,-0.14647799730300903,0.46315598487854004,0.8740879893302917,0,0,0.6093000173568726,0,1,0.9718539714813232,-0.16649501025676727,0.1666709929704666,0,-0.08966898918151855,0.3927980065345764,0.9152430295944214,0,-0.21785201132297516,-0.9044269919395447,0.3668130040168762,0,0,0.5572999715805054,0,1,0.9998340010643005,-0.000003999960426881444,0.0182460006326437,0,-0.01105900015681982,0.7952520251274109,0.6061779856681824,0,-0.014511999674141407,-0.6062790155410767,0.7951189875602722,0,0,0.353300005197525,0,1,-0.9549229741096497,0.1782890111207962,-0.23735103011131287,0,-0.19903801381587982,-0.9777439832687378,0.06633695214986801,0,-0.2202410250902176,0.11058896780014038,0.96915602684021,0,-0.18569999933242798,-0.11169999837875366,0.0010000000474974513,1,0.996051013469696,-0.02073994278907776,-0.08632899820804596,0,-0.021693048998713493,0.8860160112380981,-0.46314698457717896,0,0.086093969643116,0.4631909728050232,0.8820670247077942,0,0,0.6093999743461609,0,1,0.977994978427887,0.12205397337675095,-0.16919900476932526,0,0.10946401208639145,0.3902069926261902,0.9141970276832581,0,0.17760397493839264,-0.9126009941101074,0.368259996175766,0,0,0.5582000017166138,0,1,0.9997259974479675,0,-0.023406000807881355,0,0.01411100011318922,0.7978370189666748,0.6027079820632935,0,0.01867399923503399,-0.6028730273246765,0.7976189851760864,0,0,0.35519999265670776,0,1
K0.100,0.9990379810333252,-0.013922000303864479,0.04158699885010719,0,0.016517000272870064,0.9978929758071899,-0.06274499744176865,0,-0.04062600061297417,0.06337100267410278,0.9971629977226257,0,0.0013040000339969993,1.444133996963501,-0.01181000005453825,1,0.9999520182609558,0.009695000015199184,-0.0016639999812468886,0,-0.009705999866127968,0.9999279975891113,-0.007081000134348869,0,0.0015950000379234552,0.007096999790519476,0.9999740123748779,0,0,0.2012999951839447,-0.004100000020116568,1,0.9998670220375061,0.016131000593304634,-0.0023270000237971544,0,-0.01604500040411949,0.9993219971656799,0.033146001398563385,0,0.002859999891370535,-0.03310399875044823,0.9994480013847351,0,0,0.23489999771118164,0,1,0.9998679757118225,0.01611899957060814,-0.002193999942392111,0,-0.016037000343203545,0.9993219971656799,0.03314900025725365,0,0.002727000042796135,-0.03311000019311905,0.9994480013847351,0,0,0.26840001344680786,0,1,0.999888002872467,-0.01355700008571148,-0.006266999989748001,0,0.014488999731838703,0.9822859764099121,0.18682700395584106,0,0.0036230001132935286,-0.18689699470996857,0.9823729991912842,0,0,0.3019999861717224,0,1,0.9999399781227112,0.0027870002668350935,-0.010579000227153301,0,-0.005617000628262758,0.9605960249900818,-0.27789199352264404,0,0.00938700046390295,0.2779349982738495,0.9605540037155151,0,0,0.1890999972820282,-0.0010000000474974513,1,-0.10603299736976624,0.011404000222682953,-0.9942970275878906,0,0.858913004398346,-0.5027809739112854,-0.09736199676990509,0,-0.5010250210762024,-0.8643379807472229,0.04351700097322464,0,0.1062999963760376,0.2597000002861023,-0.001500000013038516,1,0.6511319875717163,0.673425018787384,-0.35003700852394104,0,-0.2889600098133087,0.6464329957962036,0.706134021282196,0,0.701803982257843,-0.35863998532295227,0.6155059933662415,0,0,0.22949999570846558,0,1,0.9740509986877441,0.22632600367069244,0.0010509999701753259,0,-0.22632700204849243,0.9740229845046997,0.007459000218659639,0,0.0006639999919570982,-0.00750300008803606,0.9999719858169556,0,0,0.5087000131607056,0,1,0.98403000831604,-0.05009499937295914,0.17080800235271454,0,0.06428500264883041,0.9948329925537109,-0.07858200371265411,0,-0.1659889966249466,0.08830799907445908,0.9821659922599792,0,0,0.5188999772071838,0,1,0.7207040190696716,0.6931089758872986,0.013584000058472157,0,-0.6612269878387451,0.6814029812812805,0.3137960135936737,0,0.20823900401592255,-0.2351360023021698,0.9493929743766785,0,-0.08879999816417694,0.05869999900460243,0,1,0.8625900149345398,-0.5009229779243469,0.07081399857997894,0,0.4747050106525421,0.8498219847679138,0.22903800010681152,0,-0.17490999400615692,-0.16394999623298645,0.9708380103111267,0,-0.008700000122189522,0.08470000326633453,0,1,0.8700079917907715,-0.48353898525238037,-0.09631100296974182,0,0.4298759996891022,0.8396000266075134,-0.33208298683166504,0,0.24143800139427185,0.24751299619674683,0.938319981098175,0,0.010599999688565731,0.094200000166893,0,1,0.9875119924545288,0.13047799468040466,0.08829300105571747,0,-0.15409700572490692,0.6833540201187134,0.7136399745941162,0,0.03277900069952011,-0.7183340191841125,0.6949260234832764,0,0,0.11349999904632568,0.001500000013038516,1,0.9881389737129211,0.11309699714183807,0.10387600213289261,0,-0.10903400182723999,0.040401000529527664,0.9932169914245605,0,0.10813300311565399,-0.99276202917099,0.05225300043821335,0,0.003599999938160181,0.1451999992132187,0,1,0.9889829754829407,0.13961400091648102,0.049194999039173126,0,-0.12661099433898926,0.6256340146064758,0.7697740197181702,0,0.07669299840927124,-0.7675219774246216,0.6364179849624634,0,-0.003599999938160181,0.1200999990105629,0,1,-0.07404699921607971,-0.008554000407457352,0.9972180128097534,0,-0.8644610047340393,-0.49801701307296753,-0.06846100091934204,0,0.49721699953079224,-0.8671249747276306,0.029481999576091766,0,-0.1062999963760376,0.2597000002861023,-0.00019999999494757503,1,0.8852239847183228,-0.420415997505188,0.199070006608963,0,0.19984300434589386,0.7301700115203857,0.6533870100975037,0,-0.4200499951839447,-0.5386109948158264,0.7303810119628906,0,0,0.22949999570846558,0,1,0.9449959993362427,-0.32707399129867554,-0.0022009999956935644,0,0.32708099484443665,0.9449650049209595,0.00774300005286932,0,-0.0004529999860096723,-0.008036999963223934,0.9999679923057556,0,0,0.5084999799728394,0,1,0.9811130166053772,-0.05094600096344948,0.18660800158977509,0,0.045200999826192856,0.9983670115470886,0.03491700068116188,0,-0.1880829930305481,-0.025823000818490982,0.9818140268325806,0,0,0.5192000269889832,0,1,0.7348399758338928,-0.6762199997901917,-0.052313998341560364,0,0.6467499732971191,0.6754050254821777,0.3543199896812439,0,-0.20426499843597412,-0.2942019999027252,0.9336599707603455,0,0.06849999725818634,0.0714000016450882,0,1,0.714713990688324,0.6970149874687195,-0.057920001447200775,0,-0.6767209768295288,0.7100710272789001,0.19454500079154968,0,0.1767279952764511,-0.09984800219535828,0.9791820049285889,0,0.01080000028014183,0.07840000092983246,0,1,0.9868980050086975,0.03876499831676483,0.15661700069904327,0,0.011683999560773373,0.9509890079498291,-0.309004008769989,0,-0.16091999411582947,0.3067860007286072,0.9380760192871094,0,0.012000000104308128,0.09640000015497208,0,1,0.9918850064277649,-0.10737799853086472,-0.06807199865579605,0,0.12357400357723236,0.6883800029754639,0.7147470116615295,0,-0.029888000339269638,-0.7173590064048767,0.6960629820823669,0,0,0.10660000145435333,0.002199999988079071,1,0.9936280250549316,-0.08504500240087509,-0.07396800071001053,0,0.07746700197458267,0.03860199823975563,0.9962469935417175,0,-0.08187100291252136,-0.9956290125846863,0.044943999499082565,0,-0.0032999999821186066,0.15389999747276306,0,1,0.9917029738426208,-0.1218079999089241,-0.04107699915766716,0,0.10883200168609619,0.6255319714546204,0.772570013999939,0,-0.0684100016951561,-0.7706310153007507,0.6335989832878113,0,0.0038999998942017555,0.12309999763965607,0,1,-0.9412530064582825,-0.21519899368286133,0.26025500893592834,0,0.2356729954481125,-0.970553994178772,0.04981999844312668,0,0.24187099933624268,0.10822899639606476,0.9642540216445923,0,0.18569999933242798,-0.11169999837875366,-0.002099999925121665,1,0.9891390204429626,0.060109999030828476,0.13413000106811523,0,0.010359999723732471,0.8817729949951172,-0.471560001373291,0,-0.14661699533462524,0.46782800555229187,0.8715729713439941,0,0,0.6093000173568726,0,1,0.9719910025596619,-0.1654299944639206,0.16693300008773804,0,-0.09059199690818787,0.3916740119457245,0.9156339764595032,0,-0.2168560028076172,-0.9051100015640259,0.36571699380874634,0,0,0.5572999715805054,0,1,0.9998329877853394,-0.000012000000424450263,0.01828799955546856,0,-0.011080999858677387,0.7951260209083557,0.6063429713249207,0,-0.014547999948263168,-0.6064440011978149,0.794992983341217,0,0,0.353300005197525,0,1,-0.9562770128250122,0.1752769947052002,-0.2341189980506897,0,-0.19772399961948395,-0.9773120284080505,0.07593599706888199,0,-0.2154970020055771,0.11890699714422226,0.9692379832267761,0,-0.18569999933242798,-0.11169999837875366,0.0010000000474974513,1,0.99583899974823,-0.027161000296473503,-0.08698300272226334,0,-0.016925999894738197,0.8828030228614807,-0.46943798661231995,0,0.08953999727964401,0.46895700693130493,0.8786699771881104,0,0,0.6093999743461609,0,1,0.9776960015296936,0.1253799945116043,-0.16849499940872192,0,0.10784699767827988,0.38870498538017273,0.915028989315033,0,0.18022100627422333,-0.9127920269966125,0.3665130138397217,0,0,0.5582000017166138,0,1,0.9997259974479675,0,-0.023406000807881355,0,0.01411100011318922,0.7978370189666748,0.6027079820632935,0,0.01867399923503399,-0.6028730273246765,0.7976189851760864,0,0,0.35519999265670776,0,1
