1.033,30,30,41
B0,mixamorig_Hips,-1,0.9939038157463074,0.0250092726200819,-0.10703486949205399,0,-0.02186301164329052,0.9992777109146118,0.030345343053340912,0,0.10773377865552902,-0.027783680707216263,0.9937715530395508,0,0.014919918030500412,1.3804532289505005,0.04251094534993172,1
B1,mixamorig_Spine,0,0.9939150214195251,-0.024427054449915886,0.1067541092634201,0,0.018643271178007126,0.9982516765594482,0.054844390600919724,0,-0.10792498290538788,-0.05254228785634041,0.9927684664726257,0,0,0.2012999951839447,-0.004100000020116568,1
B2,mixamorig_Spine1,1,0.9892638325691223,0.040744196623563766,0.14030589163303375,0,-0.046443745493888855,0.99820876121521,0.03756796196103096,0,-0.1385195553302765,-0.04368553310632706,0.9893929362297058,0,0,0.23489999771118164,0,1
B3,mixamorig_Spine2,2,0.989212155342102,0.045201174914836884,0.13930270075798035,0,-0.050525546073913574,0.9981066584587097,0.034907590597867966,0,-0.1374572217464447,-0.04157387465238571,0.9896328449249268,0,0,0.26840001344680786,0,1
B4,mixamorig_Neck,3,0.9955648183822632,-0.015206604264676571,-0.09217919409275055,0,0.016557909548282623,0.9997026324272156,0.013939175754785538,0,0.09197494387626648,-0.01541838701814413,0.9956386089324951,0,0,0.3019999861717224,0,1
B5,mixamorig_Head,4,0.9772753715515137,-0.07651185244321823,-0.19718261063098907,0,0.05743487924337387,0.9931944608688354,-0.10068080574274063,0,0.20357702672481537,0.08698331564664841,0.9751505851745605,0,0,0.1890999972820282,-0.0010000000474974513,1
B6,mixamorig_HeadTop_End,5,1,0,0,0,0,1,0,0,0,0,1,0,0,1.0872000455856323,-0.005900000222027302,1
B7,mixamorig_LeftShoulder,3,0.1642536222934723,0.00926254503428936,-0.9863667488098145,0,0.8090032935142517,-0.5733904838562012,0.12933366000652313,0,-0.5643758177757263,-0.8192299008369446,-0.10167453438043594,0,0.1062999963760376,0.2597000002861023,-0.001500000013038516,1
B8,mixamorig_LeftArm,7,0.8573847413063049,0.47151127457618713,-0.20535098016262054,0,-0.38657164573669434,0.8537061214447021,0.3479430079460144,0,0.33909884095191956,-0.2189413160085678,0.914496898651123,0,0,0.22949999570846558,0,1
B9,mixamorig_LeftForeArm,8,0.5504348278045654,0.8345544934272766,0.01501146424561739,0,-0.8345598578453064,0.5499439239501953,0.027502870187163353,0,0.014708071015775204,-0.027666475623846054,0.9995087385177612,0,0,0.5087000131607056,0,1
B10,mixamorig_LeftHand,9,0.9581193327903748,-0.05601457133889198,-0.2808341085910797,0,-0.03256848081946373,0.9529650211334229,-0.3011939227581024,0,0.2844853103160858,0.2977275550365448,0.911234974861145,0,0,0.5188999772071838,0,1
B11,mixamorig_LeftHandThumb1,10,0.8810020089149475,0.3948090076446533,-0.26069268584251404,0,-0.345084011554718,0.913191020488739,0.2167930006980896,0,0.3236539959907532,-0.1010340005159378,0.9407659769058228,0,-0.08879999816417694,0.05869999900460243,0,1
B12,mixamorig_LeftHandThumb2,11,0.9994367361068726,-0.025043297559022903,0.0003784497966989875,0,0.025054408237338066,0.99933922290802,0.012563318945467472,0,-0.0008422997198067605,-0.012610571458935738,0.9998940229415894,0,-0.008700000122189522,0.08470000326633453,0,1
B13,mixamorig_LeftHandThumb3,12,0.9493293762207031,-0.24817246198654175,-0.19276416301727295,0,0.18170571327209473,0.9339973330497742,-0.30753421783447266,0,0.2563449740409851,0.2569466233253479,0.9317885041236877,0,0.010599999688565731,0.094200000166893,0,1
B14,mixamorig_LeftHandThumb4,13,1,0,0,0,0,1,0,0,0,0,1,0,-0.0019000000320374966,0.07199999690055847,0,1
B15,mixamorig_LeftHandIndex1,10,0.9889991879463196,0.13784615695476532,0.053640708327293396,0,-0.14791472256183624,0.921874463558197,0.3581402897834778,0,-0.00008316410094266757,-0.3621353805065155,0.9321238398551941,0,0,0.11349999904632568,0.001500000013038516,1
B16,mixamorig_LeftHandIndex2,15,0.9998403191566467,-0.01773746684193611,-0.0021433571819216013,0,0.01769246533513069,0.9662305116653442,0.25706979632377625,0,-0.002488714409992099,-0.2570668160915375,0.9663901925086975,0,0.003599999938160181,0.1451999992132187,0,1
B17,mixamorig_LeftHandIndex3,16,0.9977753162384033,0.06663021445274353,0.0020575353410094976,0,-0.06491924822330475,0.9642152190208435,0.2570495009422302,0,0.015142785385251045,-0.25661149621009827,0.966396152973175,0,-0.003599999938160181,0.1200999990105629,0,1
B18,mixamorig_LeftHandIndex4,17,1,0,0,0,0,1,0,0,0,0,1,0,0,0.09529999643564224,0,1
B19,mixamorig_RightShoulder,3,0.032277822494506836,-0.011857538484036922,0.9994070529937744,0,-0.8103721737861633,-0.5855768322944641,0.019219141453504562,0,0.5850008130073547,-0.8105146884918213,-0.02851780503988266,0,-0.1062999963760376,0.2597000002861023,-0.00019999999494757503,1
B20,mixamorig_RightArm,19,0.9429295659065247,-0.07017753273248672,0.3250819742679596,0,-0.14448149502277374,0.7933911681175232,0.5909766554832458,0,-0.29927241802215576,-0.6041989326477051,0.7382131218910217,0,0,0.22949999570846558,0,1
B21,mixamorig_RightForeArm,20,0.9872641563415527,-0.15901896357536316,-0.0012002132134512067,0,0.1590229719877243,0.9872567653656006,0.003764600260183215,0,0.0005857868236489594,-0.003907492849975824,0.9999920129776001,0,0,0.5084999799728394,0,1
B22,mixamorig_RightHand,21,0.9472211003303528,0.0585440956056118,0.31463563442230225,0,-0.1729627549648285,0.9206026792526245,0.34935852885246277,0,-0.2690560817718506,-0.3854827284812927,0.8825159072875977,0,0,0.5192000269889832,0,1
B23,mixamorig_RightHandThumb1,22,0.8636429905891418,-0.4022969901561737,0.3037720024585724,0,0.27351099252700806,0.8801419734954834,0.38799700140953064,0,-0.4234530031681061,-0.25200599431991577,0.8701609969139099,0,0.06849999725818634,0.0714000016450882,0,1
B24,mixamorig_RightHandThumb2,23,0.9341518878936768,0.3548126816749573,0.03648962825536728,0,-0.3556337058544159,0.9344179630279541,0.01800251007080078,0,-0.02774769254028797,-0.02973751910030842,0.9991338849067688,0,0.01080000028014183,0.07840000092983246,0,1
B25,mixamorig_RightHandThumb3,24,0.9244158267974854,-0.3721715807914734,-0.08332490175962448,0,0.3243865966796875,0.8821625709533691,-0.3414115607738495,0,0.20057038962841034,0.2885763645172119,0.9362131357192993,0,0.012000000104308128,0.09640000015497208,0,1
B26,mixamorig_RightHandThumb4,25,1,0,0,0,0,1,0,0,0,0,1,0,-0.02280000038444996,0.07509999722242355,0,1
B27,mixamorig_RightHandIndex1,22,0.989015519618988,-0.14061957597732544,-0.04549761861562729,0,0.14771701395511627,0.9297628402709961,0.3371051251888275,0,-0.005116049200296402,-0.3401242196559906,0.9403237700462341,0,0,0.10660000145435333,0.002199999988079071,1
B28,mixamorig_RightHandIndex2,27,0.9999736547470093,0.007074438501149416,0.0014151084469631314,0,-0.00704836705699563,0.9160179495811462,0.40107324719429016,0,0.0015414308290928602,-0.40107256174087524,0.916044294834137,0,-0.0032999999821186066,0.15389999747276306,0,1
B29,mixamorig_RightHandIndex3,28,0.9983528852462769,-0.05734531208872795,0.0015134665882214904,0,0.0561242401599884,0.9818781018257141,0.18100716173648834,0,-0.01186578068882227,-0.18062420189380646,0.983479917049408,0,0.0038999998942017555,0.12309999763965607,0,1
B30,mixamorig_RightHandIndex4,29,1,0,0,0,0,1,0,0,0,0,1,0,-0.0005000000237487257,0.09200000017881393,0,1
B31,mixamorig_LeftUpLeg,0,-0.9664279222488403,-0.08948566764593124,0.23990066349506378,0,-0.00656432518735528,-0.9273653030395508,-0.3735228478908539,0,0.2557412087917328,-0.36243340373039246,0.89592444896698,0,0.18569999933242798,-0.11169999837875366,-0.002099999925121665,1
B32,mixamorig_LeftLeg,31,0.9867249131202698,0.12101005762815475,-0.09972678124904633,0,-0.1474325954914093,0.9465019106864929,-0.27334272861480713,0,0.06091751158237457,0.2845476269721985,0.951783299446106,0,0,0.6093000173568726,0,1
B33,mixamorig_LeftFoot,32,0.9976826310157776,0.009648405015468597,-0.04742087423801422,0,0.04312023147940636,0.27751779556274414,0.9583705067634583,0,0.021401995792984962,-0.9604243040084839,0.276601105928421,0,0,0.5572999715805054,0,1
B34,mixamorig_LeftToeBase,33,0.9951138496398926,-0.030916506424546242,0.09152287244796753,0,-0.0650080144405365,0.5020835399627686,0.8565834164619446,0,-0.07153287529945374,-0.8585301041603088,0.4976016879081726,0,0,0.353300005197525,0,1
B35,mixamorig_LeftToe_End,34,1,0,0,0,0,1,0,0,0,0,1,0,0,0.13570000231266022,0,1
B36,mixamorig_RightUpLeg,0,-0.9928532838821411,0.012142051942646503,-0.11857912689447403,0,-0.08498939871788025,-0.769569993019104,0.6328656673431396,0,-0.08356725424528122,0.6384184956550598,0.765127420425415,0,-0.18569999933242798,-0.11169999837875366,0.0010000000474974513,1
B37,mixamorig_RightLeg,36,0.9996488690376282,-0.008128915913403034,-0.009507730603218079,0,0.004008840303868055,0.8962602019309998,-0.4404999017715454,0,0.011389114893972874,0.44016706943511963,0.8962876200675964,0,0,0.6093999743461609,0,1
B38,mixamorig_RightFoot,37,0.977200448513031,-0.12490840256214142,-0.1711721122264862,0,0.21154853701591492,0.6320887804031372,0.7452143430709839,0,0.01523989625275135,-0.7644332051277161,0.6441628932952881,0,0,0.5582000017166138,0,1
B39,mixamorig_RightToeBase,38,0.9980090260505676,0.011726295575499535,-0.06196586415171623,0,0.03855327516794205,0.6641468405723572,0.7466045022010803,0,0.0499085932970047,-0.7475072145462036,0.6623728275299072,0,0,0.35519999265670776,0,1
B40,mixamorig_RightToe_End,39,1,0,0,0,0,1,0,0,0,0,1,0,0,0.13570000231266022,0,1
@34,0,1,2,3,4,5,7,8,9,10,11,12,13,15,16,17,19,20,21,22,23,24,25,27,28,29,31,32,33,34,36,37,38,39
K0.000,0.9993619918823242,0.013504000380635262,-0.03305799886584282,0,-0.012369999662041664,0.9993360042572021,0.03427699953317642,0,0.03349899873137474,-0.03384599834680557,0.998865008354187,0,-0.0005460000247694552,1.4908080101013184,0.0014600000577047467,1,0.9996169805526733,-0.016776999458670616,0.021990999579429626,0,0.014797000214457512,0.9960700273513794,0.08732099831104279,0,-0.023368999361991882,-0.08696199953556061,0.9959369897842407,0,0,0.2012999951839447,-0.004100000020116568,1,0.9988769888877869,0.01876699924468994,0.04349299892783165,0,-0.020625999197363853,0.9988759756088257,0.042684998363256454,0,-0.042642999440431595,-0.04353399947285652,0.9981409907341003,0,0,0.23489999771118164,0,1,0.9988669753074646,0.020747000351548195,0.04283500090241432,0,-0.022554000839591026,0.9988570213317871,0.04215399920940399,0,-0.04191099852323532,-0.04307200014591217,0.9981920123100281,0,0,0.26840001344680786,0,1,0.999301016330719,-0.0036989999935030937,-0.037199001759290695,0,0.004141999874264002,0.9999210238456726,0.011834999546408653,0,0.03715299814939499,-0.011979999952018261,0.9992380142211914,0,0,0.3019999861717224,0,1,0.9963399767875671,-0.03709600120782852,-0.07700999826192856,0,0.03264699876308441,0.997767984867096,-0.05825499817728996,0,0.07899899780750275,0.05552700161933899,0.9953269958496094,0,0,0.1890999972820282,-0.0010000000474974513,1,0.14101000130176544,0.00980599969625473,-0.9899600148200989,0,0.8036900162696838,-0.5850390195846558,0.10868299752473831,0,-0.5780990123748779,-0.810945987701416,-0.09037800133228302,0,0.1062999963760376,0.2597000002861023,-0.001500000013038516,1,0.9045150279998779,0.3210979998111725,-0.2806229889392853,0,-0.07603099942207336,0.7689419984817505,0.634781002998352,0,0.41960999369621277,-0.5528320074081421,0.7199329733848572,0,0,0.22949999570846558,0,1,0.9814419746398926,0.1917549967765808,0.0008069999748840928,0,-0.1917559951543808,0.9814220070838928,0.006318999920040369,0,0.0004189999890513718,-0.006357000209391117,0.9999799728393555,0,0,0.5087000131607056,0,1,0.9462050199508667,-0.01621999964118004,-0.3231619894504547,0,0.07331299781799316,0.9835150241851807,0.16529600322246552,0,0.31515398621559143,-0.18009600043296814,0.9317960143089294,0,0,0.5188999772071838,0,1,0.8810020089149475,0.3948090076446533,-0.2606930136680603,0,-0.345084011554718,0.913191020488739,0.2167930006980896,0,0.3236539959907532,-0.1010340005159378,0.9407659769058228,0,-0.08879999816417694,0.05869999900460243,0,1,0.9963589906692505,0.012992000207304955,-0.08425799757242203,0,-0.011528999544680119,0.9997749924659729,0.017830999568104744,0,0.08447100222110748,-0.016793999820947647,0.996284008026123,0,-0.008700000122189522,0.08470000326633453,0,1,0.9524949789047241,-0.22665399312973022,-0.20342500507831573,0,0.15543800592422485,0.9361820220947266,-0.3152810037136078,0,0.26190298795700073,0.26868298649787903,0.9269390106201172,0,0.010599999688565731,0.094200000166893,0,1,0.9844729900360107,0.16582100093364716,0.05758500099182129,0,-0.17538900673389435,0.9426339864730835,0.28404098749160767,0,-0.007182000204920769,-0.2897300124168396,0.9570810198783875,0,0,0.11349999904632568,0.001500000013038516,1,0.9998459815979004,-0.017413999885320663,-0.0021269998978823423,0,0.01737000048160553,0.9656519889831543,0.2592569887638092,0,-0.002460000105202198,-0.25925499200820923,0.9658060073852539,0,0.003599999938160181,0.1451999992132187,0,1,0.9977549910545349,0.066941998898983,0.0021410000044852495,0,-0.06520800292491913,0.9636099934577942,0.25923600792884827,0,0.015289999544620514,-0.25879400968551636,0.9658120274543762,0,-0.003599999938160181,0.1200999990105629,0,1,0.06475400179624557,-0.010893000289797783,0.997842013835907,0,-0.7968509793281555,-0.6024879813194275,0.04513400048017502,0,0.6006960272789001,-0.7980539798736572,-0.04769299924373627,0,-0.1062999963760376,0.2597000002861023,-0.00019999999494757503,1,0.8858450055122375,-0.41525799036026,0.2069769948720932,0,0.26040300726890564,0.8141679763793945,0.5189610123634338,0,-0.3840169906616211,-0.4058220088481903,0.8293610215187073,0,0,0.22949999570846558,0,1,0.919189989566803,-0.3938030004501343,-0.0028119999915361404,0,0.39381200075149536,0.9191439747810364,0.009322999976575375,0,-0.0010870000114664435,-0.009677000343799591,0.9999529719352722,0,0,0.5084999799728394,0,1,0.982558012008667,-0.03490300104022026,0.18264999985694885,0,0.020024999976158142,0.9963750243186951,0.08267799764871597,0,-0.18487299978733063,-0.07757800072431564,0.9796959757804871,0,0,0.5192000269889832,0,1,0.8636429905891418,-0.4022969901561737,0.3037720024585724,0,0.27351099252700806,0.8801419734954834,0.38799700140953064,0,-0.4234530031681061,-0.25200599431991577,0.8701609969139099,0,0.06849999725818634,0.0714000016450882,0,1,0.9348850250244141,0.35491201281547546,-0.005247999913990498,0,-0.35491400957107544,0.9348989725112915,0.0006900000153109431,0,0.005150999873876572,0.0012179999612271786,0.9999859929084778,0,0.01080000028014183,0.07840000092983246,0,1,0.9242029786109924,-0.37279999256134033,-0.08287899941205978,0,0.32504498958587646,0.8817909955978394,-0.341744989156723,0,0.2004839926958084,0.28890201449394226,0.9361310005187988,0,0.012000000104308128,0.09640000015497208,0,1,0.9862179756164551,-0.15457800030708313,-0.05898499861359596,0,0.16544899344444275,0.9224650263786316,0.34883299469947815,0,0.0004900000058114529,-0.3537839949131012,0.9353269934654236,0,0,0.10660000145435333,0.002199999988079071,1,0.9999740123748779,0.007027000188827515,0.0014090000186115503,0,-0.007000999990850687,0.9158470034599304,0.4014669954776764,0,0.0015310000162571669,-0.4014660120010376,0.9158729910850525,0,-0.0032999999821186066,0.15389999747276306,0,1,0.998350977897644,-0.057392001152038574,0.0015030000358819962,0,0.05616699904203415,0.9817990064620972,0.18142899870872498,0,-0.011888000182807446,-0.18104499578475952,0.9834030270576477,0,0.0038999998942017555,0.12309999763965607,0,1,-0.984736979007721,-0.002457000082358718,0.17403100430965424,0,0.08147300034761429,-0.8900920152664185,0.44843998551368713,0,0.15380200743675232,0.4557740092277527,0.8767070174217224,0,0.18569999933242798,-0.11169999837875366,-0.002099999925121665,1,0.9946330189704895,-0.10097300261259079,-0.022595999762415886,0,0.03469200059771538,0.5311740040779114,-0.8465520143508911,0,0.09748099744319916,0.8412250280380249,0.5318260192871094,0,0,0.6093000173568726,0,1,0.9797019958496094,0.08298300206661224,0.18247699737548828,0,-0.19602100551128387,0.5870710015296936,0.785444974899292,0,-0.04194800183176994,-0.8052710294723511,0.5914210081100464,0,0,0.5572999715805054,0,1,0.9991139769554138,0.029841000214219093,0.029676999896764755,0,-0.041241999715566635,0.5537440180778503,0.8316649794578552,0,0.008383999578654766,-0.8321520090103149,0.5544840097427368,0,0,0.353300005197525,0,1,-0.9940739870071411,-0.025157999247312546,-0.10575500130653381,0,0.008163999766111374,-0.9873819947242737,0.1581449955701828,0,-0.10839899629354477,0.1563439965248108,0.9817360043525696,0,-0.18569999933242798,-0.11169999837875366,0.0010000000474974513,1,0.9981880187988281,-0.019555000588297844,0.05689899995923042,0,0.034915998578071594,0.958441972732544,-0.2831439971923828,0,-0.048996999859809875,0.28461700677871704,0.9573879837989807,0,0,0.6093999743461609,0,1,0.9776970148086548,-0.08225800096988678,-0.1932400017976761,0,0.20947100222110748,0.44837701320648193,0.8689540028572083,0,0.015166000463068485,-0.8900520205497742,0.45560699701309204,0,0,0.5582000017166138,0,1,0.9991790056228638,0.004112000111490488,-0.04029399901628494,0,0.02387700043618679,0.7437819838523865,0.6679959893226624,0,0.03271599858999252,-0.6684100031852722,0.7430729866027832,0,0,0.35519999265670776,0,1
K0.033,0.9995880126953125,0.015180908143520355,-0.024377893656492233,0,-0.014082911424338818,0.9989050030708313,0.04460611194372177,0,0.025028889998793602,-0.04424411058425903,0.9987069964408875,0,0.0017210381338372827,1.4965448379516602,-0.00529005192220211,1,0.9998239874839783,-0.017742840573191643,0.006152833811938763,0,0.017190853133797646,0.9966089725494385,0.08046392351388931,0,-0.007559821009635925,-0.08034392446279526,0.9967389702796936,0,0,0.2012999951839447,-0.004100000020116568,1,0.9994140267372131,0.009882883168756962,0.03276388719677925,0,-0.011146877892315388,0.9991919994354248,0.038611967116594315,0,-0.032354891300201416,-0.0389549620449543,0.9987170100212097,0,0,0.23489999771118164,0,1,0.9994180202484131,0.011564880609512329,0.0320998914539814,0,-0.012790875509381294,0.9991850256919861,0.03827196732163429,0,-0.031631894409656525,-0.0386599637567997,0.9987519979476929,0,0,0.26840001344680786,0,1,0.9994379878044128,-0.005947981029748917,-0.032990939915180206,0,0.006364979315549135,0.9999009966850281,0.012544984929263592,0,0.03291293978691101,-0.012747984379529953,0.9993770122528076,0,0,0.3019999861717224,0,1,0.9977899789810181,-0.035548992455005646,-0.05613882094621658,0,0.032673999667167664,0.9981480240821838,-0.05132199078798294,0,0.05785981938242912,0.04937399923801422,0.9971029758453369,0,0,0.1890999972820282,-0.0010000000474974513,1,0.12420984357595444,0.010642006993293762,-0.9921990036964417,0,0.8076030015945435,-0.5820479989051819,0.09485787153244019,0,-0.5764979720115662,-0.8130850195884705,-0.08088991045951843,0,0.1062999963760376,0.2597000002861023,-0.001500000013038516,1,0.920120120048523,0.2503112852573395,-0.3012011647224426,0,0.004794758278876543,0.7618288993835449,0.6477600932121277,0,0.3916056454181671,-0.5974614024162292,0.6997748017311096,0,0,0.22949999570846558,0,1,0.9815080165863037,0.19142098724842072,0.0008049999014474452,0,-0.1914219856262207,0.9814879894256592,0.006307999603450298,0,0.0004169998865108937,-0.006345999427139759,0.9999799728393555,0,0,0.5087000131607056,0,1,0.9489279985427856,0.017319349572062492,-0.3150159418582916,0,0.05545172467827797,0.9737919569015503,0.22057628631591797,0,0.3105800151824951,-0.22677917778491974,0.9230989217758179,0,0,0.5188999772071838,0,1,0.8810020089149475,0.3948090076446533,-0.2606930136680603,0,-0.345084011554718,0.913191020488739,0.2167930006980896,0,0.3236539959907532,-0.1010340005159378,0.9407659769058228,0,-0.08879999816417694,0.05869999900460243,0,1,0.9965659976005554,0.01893002726137638,-0.08061301708221436,0,-0.018616028130054474,0.9998160004615784,0.0046420046128332615,0,0.08068601787090302,-0.0031260023824870586,0.9967349767684937,0,-0.008700000122189522,0.08470000326633453,0,1,0.9520130157470703,-0.23074199259281158,-0.2010679990053177,0,0.1606920063495636,0.9359719753265381,-0.31326401233673096,0,0.2604770064353943,0.26592200994491577,0.9281359910964966,0,0.010599999688565731,0.094200000166893,0,1,0.9830999970436096,0.17413698136806488,0.05648699030280113,0,-0.18292099237442017,0.9467899799346924,0.2648189663887024,0,-0.0073659997433424,-0.2706759572029114,0.9626420140266418,0,0,0.11349999904632568,0.001500000013038516,1,0.9998469948768616,-0.017381999641656876,-0.002125999890267849,0,0.017338000237941742,0.965595006942749,0.25946998596191406,0,-0.0024580000899732113,-0.2594670057296753,0.9657490253448486,0,0.003599999938160181,0.1451999992132187,0,1,0.9977530241012573,0.06697200238704681,0.0021490000654011965,0,-0.06523499637842178,0.9635509848594666,0.2594490051269531,0,0.015305000357329845,-0.25900599360466003,0.965753972530365,0,-0.003599999938160181,0.1200999990105629,0,1,0.0703110620379448,-0.010597997345030308,0.9974690079689026,0,-0.7991570830345154,-0.5990428924560547,0.04996705427765846,0,0.5969969034194946,-0.8006470799446106,-0.050589025020599365,0,-0.1062999963760376,0.2597000002861023,-0.00019999999494757503,1,0.8683598041534424,-0.44736623764038086,0.2140420526266098,0,0.2984153628349304,0.8160580396652222,0.49497270584106445,0,-0.396105021238327,-0.36594057083129883,0.8421331644058228,0,0,0.22949999570846558,0,1,0.8988596200942993,-0.438223659992218,-0.0032930083107203245,0,0.4382326602935791,0.8988016247749329,0.010374016128480434,0,-0.001586008700542152,-0.010768016800284386,0.9999409914016724,0,0,0.5084999799728394,0,1,0.9824599623680115,0.00634642131626606,0.18636415898799896,0,-0.02922852337360382,0.9923079609870911,0.12029337882995605,0,-0.18416807055473328,-0.12363047897815704,0.9750889539718628,0,0,0.5192000269889832,0,1,0.8636429905891418,-0.4022969901561737,0.3037720024585724,0,0.27351099252700806,0.8801419734954834,0.38799700140953064,0,-0.4234530031681061,-0.25200599431991577,0.8701609969139099,0,0.06849999725818634,0.0714000016450882,0,1,0.9363680481910706,0.3509708642959595,-0.005856894422322512,0,-0.3509868383407593,0.936379075050354,-0.00177600490860641,0,0.004860899411141872,0.003717968240380287,0.9999809861183167,0,0.01080000028014183,0.07840000092983246,0,1,0.9241759777069092,-0.3728800117969513,-0.08282199501991272,0,0.32512998580932617,0.8817440271377563,-0.3417870104312897,0,0.20047399401664734,0.2889440059661865,0.9361209869384766,0,0.012000000104308128,0.09640000015497208,0,1,0.9859390258789062,-0.1557290256023407,-0.06060105934739113,0,0.1671040654182434,0.9199559092521667,0.3546231985092163,0,0.00052500085439533,-0.3597642183303833,0.9330429434776306,0,0,0.10660000145435333,0.002199999988079071,1,0.9999740123748779,0.007016001269221306,0.0014070002362132072,0,-0.006991001311689615,0.9158099889755249,0.4015519917011261,0,0.0015280003426596522,-0.4015510082244873,0.9158350229263306,0,-0.0032999999821186066,0.15389999747276306,0,1,0.9983500242233276,-0.057401999831199646,0.0015000003622844815,0,0.05617700144648552,0.981781005859375,0.1815199851989746,0,-0.011891999281942844,-0.18113598227500916,0.9833859801292419,0,0.0038999998942017555,0.12309999763965607,0,1,-0.9861209988594055,0.01437103096395731,0.16540583968162537,0,0.06759586930274963,-0.8751910924911499,0.47903284430503845,0,0.15164588391780853,0.4835648238658905,0.8620721101760864,0,0.18569999933242798,-0.11169999837875366,-0.002099999925121665,1,0.9963250160217285,-0.08534885197877884,0.007234334014356136,0,0.06661814451217651,0.7190329432487488,-0.6917740702629089,0,0.05384036898612976,0.6897140741348267,0.722076952457428,0,0,0.6093000173568726,0,1,0.9816449880599976,0.05529294162988663,0.18252696096897125,0,-0.17976589500904083,0.5879043936729431,0.7887027263641357,0,-0.06369812041521072,-0.8070386648178101,0.5870534181594849,0,0,0.5572999715805054,0,1,0.9995030164718628,0.009260863065719604,0.030138066038489342,0,-0.028126932680606842,0.6937994360923767,0.719618558883667,0,-0.014246156439185143,-0.7201085686683655,0.6937153935432434,0,0,0.353300005197525,0,1,-0.9924969673156738,-0.0257710088044405,-0.11952429264783859,0,0.019287098199129105,-0.9982950091362,0.05509330704808235,0,-0.12074027210474014,0.05237429216504097,0.9913010001182556,0,-0.18569999933242798,-0.11169999837875366,0.0010000000474974513,1,0.9960989356040955,-0.03941697999835014,0.07895433157682419,0,0.05303100496530533,0.9825010299682617,-0.17854659259319305,0,-0.0705343559384346,0.1820376068353653,0.9807580709457397,0,0,0.6093999743461609,0,1,0.9788600206375122,-0.06520404666662216,-0.19386102259159088,0,0.20283006131649017,0.4314996302127838,0.8790152072906494,0,0.02633589133620262,-0.8997531533241272,0.43560367822647095,0,0,0.5582000017166138,0,1,0.9992210268974304,0.0038229981437325478,-0.03928499296307564,0,0.023253995925188065,0.7472010254859924,0.6641920208930969,0,0.03189299628138542,-0.6645879745483398,0.7465289831161499,0,0,0.35519999265670776,0,1
K0.067,0.999888002872467,0.005980091169476509,-0.01371210627257824,0,-0.005209087859839201,0.9984400272369385,0.0555918924510479,0,0.014023109339177608,-0.05551488697528839,0.9983590245246887,0,0.005540961865335703,1.4900370836257935,-0.010487948544323444,1,0.9999439716339111,-0.0017911585746333003,-0.0104638347402215,0,0.0025481455959379673,0.997344970703125,0.07278107106685638,0,0.010304821655154228,-0.07280407100915909,0.9972929954528809,0,0,0.2012999951839447,-0.004100000020116568,1,0.9997640252113342,-0.0017928839661180973,0.021643109619617462,0,0.0010318788699805737,0.9993810057640076,0.035154033452272415,0,-0.021692106500267982,-0.0351240374147892,0.9991480112075806,0,0,0.23489999771118164,0,1,0.9997760057449341,-0.0003878811839967966,0.021160107105970383,0,-0.00034912367118522525,0.9993929862976074,0.0348370335996151,0,-0.02116110362112522,-0.034837037324905396,0.9991689920425415,0,0,0.26840001344680786,0,1,0.9996230006217957,-0.004036019090563059,-0.0271440576761961,0,0.004337020218372345,0.9999300241470337,0.011033015325665474,0,0.02709805779159069,-0.011146015487611294,0.9995710253715515,0,0,0.3019999861717224,0,1,0.9986609816551208,-0.03463500738143921,-0.03843817487359047,0,0.03266799822449684,0.9981809854507446,-0.05066700652241707,0,0.04012317582964897,0.04934300109744072,0.9979760050773621,0,0,0.1890999972820282,-0.0010000000474974513,1,0.10861615836620331,0.011342993937432766,-0.9940189719200134,0,0.8103910088539124,-0.580132007598877,0.08193112909793854,0,-0.5757330060005188,-0.8144429922103882,-0.07220409065485,0,0.1062999963760376,0.2597000002861023,-0.001500000013038516,1,0.9307138919830322,0.1798297017812729,-0.318485826253891,0,0.08055524528026581,0.7486091256141663,0.658099889755249,0,0.35676735639572144,-0.6381585597991943,0.6822541952133179,0,0,0.22949999570846558,0,1,0.981859028339386,0.18961201608181,0.0007930001011118293,0,-0.18961301445960999,0.9818390011787415,0.006249000318348408,0,0.00040600012289360166,-0.006286000367254019,0.9999799728393555,0,0,0.5087000131607056,0,1,0.9494439959526062,0.05224265530705452,-0.30955806374549866,0,0.02794627472758293,0.9680770635604858,0.2490917146205902,0,0.3126889765262604,-0.24514982104301453,0.9176750779151917,0,0,0.5188999772071838,0,1,0.8810020089149475,0.3948090076446533,-0.2606930136680603,0,-0.345084011554718,0.913191020488739,0.2167930006980896,0,0.3236539959907532,-0.1010340005159378,0.9407659769058228,0,-0.08879999816417694,0.05869999900460243,0,1,0.9963970184326172,0.021741971373558044,-0.08197898417711258,0,-0.021393971517682076,0.9997580051422119,0.005126995500177145,0,0.0820709839463234,-0.0033539975993335247,0.9966210126876831,0,-0.008700000122189522,0.08470000326633453,0,1,0.9520540237426758,-0.23060999810695648,-0.2010290026664734,0,0.16061300039291382,0.9360330104827881,-0.3131209909915924,0,0.26037898659706116,0.2658199965953827,0.9281929731369019,0,0.010599999688565731,0.094200000166893,0,1,0.9834619760513306,0.17239201068878174,0.05552900955080986,0,-0.18096601963043213,0.9477260112762451,0.26280704140663147,0,-0.007320000324398279,-0.26850903034210205,0.9632490277290344,0,0,0.11349999904632568,0.001500000013038516,1,0.9998469948768616,-0.01734899915754795,-0.002124000107869506,0,0.017304999753832817,0.9655359983444214,0.2596920132637024,0,-0.002455000067129731,-0.25968900322914124,0.9656890034675598,0,0.003599999938160181,0.1451999992132187,0,1,0.9977499842643738,0.0670040026307106,0.002157999901100993,0,-0.0652649998664856,0.9634889960289001,0.25967100262641907,0,0.015320000238716602,-0.2592270076274872,0.9656950235366821,0,-0.003599999938160181,0.1200999990105629,0,1,0.07644093781709671,-0.010346002876758575,0.9970200061798096,0,-0.8064679503440857,-0.5886471271514893,0.05572294443845749,0,0.5863161087036133,-0.8083239197731018,-0.05333997309207916,0,-0.1062999963760376,0.2597000002861023,-0.00019999999494757503,1,0.8533551692962646,-0.4723977744579315,0.22051194310188293,0,0.33395764231681824,0.8201399445533752,0.46458929777145386,0,-0.40032097697257996,-0.3228174149990082,0.8576318025588989,0,0,0.22949999570846558,0,1,0.8633413314819336,-0.5046023726463318,-0.004133991431444883,0,0.5046133399009705,0.8632623553276062,0.011945984326303005,0,-0.0024589914828538895,-0.012398984283208847,0.9999200105667114,0,0,0.5084999799728394,0,1,0.9779840707778931,0.04844558238983154,0.20297683775424957,0,-0.08155947923660278,0.9840490818023682,0.15810063481330872,0,-0.19207993149757385,-0.1711745262145996,0.9663360714912415,0,0,0.5192000269889832,0,1,0.8636429905891418,-0.4022969901561737,0.3037720024585724,0,0.27351099252700806,0.8801419734954834,0.38799700140953064,0,-0.4234530031681061,-0.25200599431991577,0.8701609969139099,0,0.06849999725818634,0.0714000016450882,0,1,0.9420029520988464,0.33557114005088806,0.004722894635051489,0,-0.33556413650512695,0.9420149326324463,-0.0022659951355308294,0,-0.005209899973124266,0.000550031487364322,0.9999859929084778,0,0.01080000028014183,0.07840000092983246,0,1,0.9238560199737549,-0.3738180100917816,-0.0821550041437149,0,0.3261150121688843,0.8811870217323303,-0.3422839939594269,0,0.2003459930419922,0.2894290089607239,0.9359980225563049,0,0.012000000104308128,0.09640000015497208,0,1,0.9849749803543091,-0.15942497551441193,-0.06639593839645386,0,0.17269693315029144,0.9106251001358032,0.3754167854785919,0,0.0006109991227276623,-0.3812417984008789,0.9244750738143921,0,0,0.10660000145435333,0.002199999988079071,1,0.9999729990959167,0.007170998491346836,0.0014269998064264655,0,-0.007142998743802309,0.9163640141487122,0.40028199553489685,0,0.0015619996702298522,-0.40028101205825806,0.9163910150527954,0,-0.0032999999821186066,0.15389999747276306,0,1,0.9983590245246887,-0.0572500005364418,0.0015359997050836682,0,0.05603700131177902,0.9820399880409241,0.18015702068805695,0,-0.011822001077234745,-0.17977501451969147,0.9836369752883911,0,0.0038999998942017555,0.12309999763965607,0,1,-0.9887819886207581,0.01743297092616558,0.1483471691608429,0,0.054036132991313934,-0.8841509222984314,0.4640651345252991,0,0.13925111293792725,0.4668751657009125,0.8732908964157104,0,0.18569999933242798,-0.11169999837875366,-0.002099999925121665,1,0.996711015701294,-0.07012614607810974,0.0406106673181057,0,0.08050785958766937,0.9140270352363586,-0.39758193492889404,0,-0.00923837348818779,0.3995438814163208,0.916667103767395,0,0,0.6093000173568726,0,1,0.9827039837837219,0.04929305985569954,0.17850004136562347,0,-0.16903510689735413,0.6324256062507629,0.7559522986412048,0,-0.07562387734651566,-0.7730503678321838,0.6298205852508545,0,0,0.5572999715805054,0,1,0.9993209838867188,-0.004422863945364952,0.03657393530011177,0,-0.021492065861821175,0.7363336086273193,0.6762773990631104,0,-0.029921842738986015,-0.6766043901443481,0.7357385754585266,0,0,0.353300005197525,0,1,-0.9884900450706482,-0.026776989921927452,-0.1488967090845108,0,0.02921290136873722,-0.9994720220565796,-0.014197311364114285,0,-0.1484387367963791,-0.018383296206593513,0.9887509942054749,0,-0.18569999933242798,-0.11169999837875366,0.0010000000474974513,1,0.9929490685462952,-0.037687018513679504,0.11239166557788849,0,0.05325399711728096,0.9888739585876465,-0.1388963907957077,0,-0.1059066504240036,0.14390237629413605,0.98390793800354,0,0,0.6093999743461609,0,1,0.97781902551651,-0.07001395523548126,-0.19740097224712372,0,0.2088739424943924,0.3957563638687134,0.8942868113517761,0,0.015510108321905136,-0.9156827926635742,0.4016023278236389,0,0,0.5582000017166138,0,1,0.9992460012435913,0.0036480017006397247,-0.03866300731897354,0,0.022873003035783768,0.7492949962615967,0.6618419885635376,0,0.03138500452041626,-0.6622269749641418,0.7486460208892822,0,0,0.35519999265670776,0,1
K0.100,0.9997550249099731,-0.021487997844815254,0.00538899889215827,0,0.02110299840569496,0.9977610111236572,0.0634630024433136,0,-0.006740998942404985,-0.06333299726247787,0.9979699850082397,0,0.011020000092685223,1.4722709655761719,-0.01295899972319603,1,0.998540997505188,0.04074399545788765,-0.035440001636743546,0,-0.03839400038123131,0.9971699714660645,0.06463100016117096,0,0.03797300159931183,-0.0631759986281395,0.9972800016403198,0,0,0.2012999951839447,-0.004100000020116568,1,0.999770998954773,-0.018695000559091568,0.010380000807344913,0,0.018330000340938568,0.9992460012435913,0.03423900157213211,0,-0.01101200096309185,-0.03404099866747856,0.9993600249290466,0,0,0.23489999771118164,0,1,0.9997919797897339,-0.01758899912238121,0.010327001102268696,0,0.01723399944603443,0.999288022518158,0.03356499969959259,0,-0.01090999972075224,-0.03338000178337097,0.9993829727172852,0,0,0.26840001344680786,0,1,0.9997950196266174,0.006086999550461769,-0.019298000261187553,0,-0.005904999561607838,0.9999380111694336,0.00945299956947565,0,0.019354000687599182,-0.009336999617516994,0.9997689723968506,0,0,0.3019999861717224,0,1,0.9989209771156311,-0.03971099853515625,-0.024095000699162483,0,0.03828800097107887,0.9976459741592407,-0.05689200013875961,0,0.026297999545931816,0.055907998234033585,0.9980900287628174,0,0,0.1890999972820282,-0.0010000000474974513,1,0.10018199682235718,0.011725000105798244,-0.9948999881744385,0,0.8127350211143494,-0.5777829885482788,0.07502999901771545,0,-0.5739560127258301,-0.8161069750785828,-0.06741300225257874,0,0.1062999963760376,0.2597000002861023,-0.001500000013038516,1,0.9368680119514465,0.1125980019569397,-0.331059992313385,0,0.14869999885559082,0.7285940051078796,0.6686099767684937,0,0.3164919912815094,-0.6756280064582825,0.6658530235290527,0,0,0.22949999570846558,0,1,0.983430027961731,0.1812880039215088,0.000742000003810972,0,-0.18129000067710876,0.9834120273590088,0.0059739998541772366,0,0.0003539999888744205,-0.006010000128298998,0.9999819993972778,0,0,0.5087000131607056,0,1,0.952314019203186,0.07973500341176987,-0.29451701045036316,0,-0.0016359987203031778,0.9665719866752625,0.2563909888267517,0,0.3051150143146515,-0.24368299543857574,0.9206100106239319,0,0,0.5188999772071838,0,1,0.8810020089149475,0.3948090076446533,-0.2606930136680603,0,-0.345084011554718,0.913191020488739,0.2167930006980896,0,0.3236539959907532,-0.1010340005159378,0.9407659769058228,0,-0.08879999816417694,0.05869999900460243,0,1,0.9957529902458191,0.028609000146389008,-0.08751100301742554,0,-0.02802100032567978,0.9995759725570679,0.007942999713122845,0,0.08770100027322769,-0.005458000116050243,0.9961320161819458,0,-0.008700000122189522,0.08470000326633453,0,1,0.9522640109062195,-0.22949600219726562,-0.20130999386310577,0,0.1594659984111786,0.9362620115280151,-0.31302401423454285,0,0.26031699776649475,0.26597899198532104,0.9281650185585022,0,0.010599999688565731,0.094200000166893,0,1,0.9838700294494629,0.17039799690246582,0.0544469989836216,0,-0.17873799800872803,0.9487820267677307,0.26051101088523865,0,-0.007267999928444624,-0.26603999733924866,0.9639340043067932,0,0,0.11349999904632568,0.001500000013038516,1,0.9998469948768616,-0.017349999397993088,-0.002124000107869506,0,0.017305999994277954,0.9655370116233826,0.25968798995018005,0,-0.002455000067129731,-0.2596859931945801,0.965690016746521,0,0.003599999938160181,0.1451999992132187,0,1,0.9977499842643738,0.06700299680233002,0.0021569998934865,0,-0.06526400148868561,0.9634900093078613,0.2596670091152191,0,0.015320000238716602,-0.25922301411628723,0.9656959772109985,0,-0.003599999938160181,0.1200999990105629,0,1,0.08450400084257126,-0.010110000148415565,0.9963719844818115,0,-0.8143290281295776,-0.5769510269165039,0.06321000307798386,0,0.5742189884185791,-0.8167160153388977,-0.05698699876666069,0,-0.1062999963760376,0.2597000002861023,-0.00019999999494757503,1,0.8405560255050659,-0.49435800313949585,0.2215290069580078,0,0.3730190098285675,0.8247249722480774,0.42507100105285645,0,-0.3928380012512207,-0.27466198801994324,0.8776329755783081,0,0,0.22949999570846558,0,1,0.8367729783058167,-0.5475289821624756,-0.004763000179082155,0,0.5475410223007202,0.8366789817810059,0.01296200044453144,0,-0.003111999947577715,-0.01345400046557188,0.999904990196228,0,0,0.5084999799728394,0,1,0.9756150245666504,0.04237399995326996,0.21536000072956085,0,-0.08335000276565552,0.9792129993438721,0.18491700291633606,0,-0.2030480057001114,-0.19835799932479858,0.9588670134544373,0,0,0.5192000269889832,0,1,0.8636429905891418,-0.4022969901561737,0.3037720024585724,0,0.27351099252700806,0.8801419734954834,0.38799700140953064,0,-0.4234530031681061,-0.25200599431991577,0.8701609969139099,0,0.06849999725818634,0.0714000016450882,0,1,0.9506919980049133,0.30961599946022034,0.017966000363230705,0,-0.3095510005950928,0.9508619904518127,-0.006359000224620104,0,-0.01905200071632862,0.0004839999892283231,0.9998180270195007,0,0.01080000028014183,0.07840000092983246,0,1,0.9234449863433838,-0.37501999735832214,-0.08129999786615372,0,0.3273780047893524,0.8804720044136047,-0.3429180085659027,0,0.20018300414085388,0.2900499999523163,0.9358410239219666,0,0.012000000104308128,0.09640000015497208,0,1,0.9839419722557068,-0.16323700547218323,-0.07219299674034119,0,0.17848800122737885,0.901328980922699,0.3946489989757538,0,0.0006489999941550195,-0.40119698643684387,0.9159910082817078,0,0,0.10660000145435333,0.002199999988079071,1,0.9999740123748779,0.007133000064641237,0.0014220000011846423,0,-0.007104999851435423,0.9162279963493347,0.4005950093269348,0,0.0015539999585598707,-0.4005950093269348,0.9162539839744568,0,-0.0032999999821186066,0.15389999747276306,0,1,0.9983569979667664,-0.057287998497486115,0.0015269999857991934,0,0.05607200041413307,0.9819769859313965,0.18049299716949463,0,-0.011838999576866627,-0.18011100590229034,0.9835749864578247,0,0.0038999998942017555,0.12309999763965607,0,1,-0.9916759729385376,-0.0038389989640563726,0.12870100140571594,0,0.0684640035033226,-0.862263023853302,0.5018119812011719,0,0.10904700309038162,0.5064470171928406,0.8553479909896851,0,0.18569999933242798,-0.11169999837875366,-0.002099999925121665,1,0.9968109726905823,-0.04475000128149986,0.06607100367546082,0,0.05692800134420395,0.978987991809845,-0.19581001996994019,0,-0.05591999739408493,0.198947012424469,0.978413999080658,0,0,0.6093000173568726,0,1,0.9837679862976074,0.020852001383900642,0.17823100090026855,0,-0.15006700158119202,0.6401939988136292,0.7534130215644836,0,-0.09839200228452682,-0.7679299712181091,0.6329309940338135,0,0,0.5572999715805054,0,1,0.9992579817771912,-0.004904000088572502,0.03820699825882912,0,-0.022502999752759933,0.7307050228118896,0.6823220252990723,0,-0.03126399964094162,-0.6826750040054321,0.7300530076026917,0,0,0.353300005197525,0,1,-0.9830809831619263,-0.029210999608039856,-0.18082700669765472,0,0.03762499988079071,-0.9983540177345276,-0.04327800124883652,0,-0.17926600575447083,-0.04934899881482124,0.9825620055198669,0,-0.18569999933242798,-0.11169999837875366,0.0010000000474974513,1,0.9941279888153076,-0.016531001776456833,0.1069369986653328,0,0.037310000509023666,0.980023980140686,-0.19534599781036377,0,-0.10157199949026108,0.19818900525569916,0.9748870134353638,0,0,0.6093999743461609,0,1,0.9856410026550293,-0.07159499824047089,-0.15292400121688843,0,0.16802099347114563,0.32605499029159546,0.9302989840507507,0,-0.016742998734116554,-0.9426360130310059,0.33340200781822205,0,0,0.5582000017166138,0,1,0.9992380142211914,0.003703000023961067,-0.038857001811265945,0,0.0229909997433424,0.7486420273780823,0.6625760197639465,0,0.031543001532554626,-0.6629639863967896,0.7479860186576843,0,0,0.35519999265670776,0,1
